<script type="text/javascript" src="https://code.jquery.com/jquery-1.9.1.js"></script><script src="http://code.highcharts.com/highcharts.js"></script><script src="http://code.highcharts.com/modules/exporting.js"></script><script>$(function () {$('#container-hs1-8xlarge-us-gov-west-1').highcharts({
  "title": {
    "text": "Cumulative Cost of hs1.8xlarge in us-gov-west-1 on EC2"
  },
  "xAxis": {
    "categories": [
      1,
      2,
      3,
      4,
      5,
      6,
      7,
      8,
      9,
      10,
      11,
      12,
      13,
      14,
      15,
      16,
      17,
      18,
      19,
      20,
      21,
      22,
      23,
      24,
      25,
      26,
      27,
      28,
      29,
      30,
      31,
      32,
      33,
      34,
      35,
      36
    ]
  },
  "yAxis": {
    "title": "USD"
  },
  "series": [
    {
      "name": "ondemand",
      "data": [
        3974.4,
        7948.8,
        11923.2,
        15897.6,
        19872.0,
        23846.4,
        27820.8,
        31795.2,
        35769.6,
        39744.0,
        43718.4,
        47692.8,
        51667.2,
        55641.6,
        59616.0,
        63590.4,
        67564.8,
        71539.2,
        75513.6,
        79488.0,
        83462.4,
        87436.8,
        91411.2,
        95385.6,
        99360.0,
        103334.4,
        107308.8,
        111283.2,
        115257.6,
        119232.0,
        123206.4,
        127180.8,
        131155.2,
        135129.6,
        139104.0,
        143078.4,
        147052.8
      ]
    },
    {
      "name": "noUpfront-yrTerm1",
      "data": [
        2254.24,
        4508.48,
        6762.72,
        9016.96,
        11271.2,
        13525.44,
        15779.68,
        18033.92,
        20288.16,
        22542.4,
        24796.64,
        27050.88,
        29305.12,
        31559.36,
        33813.6,
        36067.84,
        38322.08,
        40576.32,
        42830.56,
        45084.8,
        47339.04,
        49593.28,
        51847.52,
        54101.76,
        56356.0,
        58610.24,
        60864.48,
        63118.72,
        65372.96,
        67627.2,
        69881.44,
        72135.68,
        74389.92,
        76644.16,
        78898.4,
        81152.64,
        83406.88
      ]
    },
    {
      "name": "partialUpfront-yrTerm1",
      "data": [
        14260.92,
        15066.84,
        15872.76,
        16678.68,
        17484.6,
        18290.52,
        19096.44,
        19902.36,
        20708.28,
        21514.2,
        22320.12,
        23126.04,
        23931.96,
        24737.88,
        25543.8,
        26349.72,
        27155.64,
        27961.56,
        28767.48,
        29573.4,
        30379.32,
        31185.24,
        31991.16,
        32797.08,
        33603.0,
        34408.92,
        35214.84,
        36020.76,
        36826.68,
        37632.6,
        38438.52,
        39244.44,
        40050.36,
        40856.28,
        41662.2,
        42468.12,
        43274.04
      ]
    },
    {
      "name": "allUpfront-yrTerm1",
      "data": [
        22664.0,
        22664.0,
        22664.0,
        22664.0,
        22664.0,
        22664.0,
        22664.0,
        22664.0,
        22664.0,
        22664.0,
        22664.0,
        22664.0,
        22664.0,
        22664.0,
        22664.0,
        22664.0,
        22664.0,
        22664.0,
        22664.0,
        22664.0,
        22664.0,
        22664.0,
        22664.0,
        22664.0,
        22664.0,
        22664.0,
        22664.0,
        22664.0,
        22664.0,
        22664.0,
        22664.0,
        22664.0,
        22664.0,
        22664.0,
        22664.0,
        22664.0,
        22664.0
      ]
    },
    {
      "name": "partialUpfront-yrTerm3",
      "data": [
        20973.76,
        21639.52,
        22305.28,
        22971.04,
        23636.8,
        24302.56,
        24968.32,
        25634.08,
        26299.84,
        26965.6,
        27631.36,
        28297.12,
        28962.88,
        29628.64,
        30294.4,
        30960.16,
        31625.92,
        32291.68,
        32957.44,
        33623.2,
        34288.96,
        34954.72,
        35620.48,
        36286.24,
        36952.0,
        37617.76,
        38283.52,
        38949.28,
        39615.04,
        40280.8,
        40946.56,
        41612.32,
        42278.08,
        42943.84,
        43609.6,
        44275.36,
        44941.12
      ]
    },
    {
      "name": "allUpfront-yrTerm3",
      "data": [
        41619.0,
        41619.0,
        41619.0,
        41619.0,
        41619.0,
        41619.0,
        41619.0,
        41619.0,
        41619.0,
        41619.0,
        41619.0,
        41619.0,
        41619.0,
        41619.0,
        41619.0,
        41619.0,
        41619.0,
        41619.0,
        41619.0,
        41619.0,
        41619.0,
        41619.0,
        41619.0,
        41619.0,
        41619.0,
        41619.0,
        41619.0,
        41619.0,
        41619.0,
        41619.0,
        41619.0,
        41619.0,
        41619.0,
        41619.0,
        41619.0,
        41619.0,
        41619.0
      ]
    }
  ]
});});</script><div id='container-hs1-8xlarge-us-gov-west-1' style='height: 100%; width: 100%;'></div>